9.60
9.40
9.40
9.80
9.00
9.00
9.50
9.50
9.30
9.30
9.80
9.80
9.30
9.30
9.50
9.30
9.40
9.00
9.30
9.80
9.10
9.40
9.20
9.20
9.00
9.85
9.85
8.50
8.70
9.50
9.70
8.60
8.50
9.40
7.50
8.00
9.60
5.00
9.00
8.90
9.40
9.60
9.50
9.80
9.50
9.50
9.00
7.80
9.40
9.50
9.50
8.50
9.00
8.70
9.50
9.50
8.50
9.00
9.10
9.60
9.40
9.80
9.50
9.80
9.80
9.50
9.25
9.80
10.00
9.80
8.50
9.30
10.00
5.00
8.90
9.60
9.80
9.00
9.50
8.00
9.00
9.50
8.60
9.80
9.80
9.40
9.80
8.50
9.80
9.20
9.00
8.50
9.80
10.00
9.90
7.30
9.20
8.00
9.00
9.20
9.80
9.50
9.00
9.80
9.50
9.20
9.00
8.90
9.20
8.00
8.90
10.00
8.80
8.00
9.50
9.30
7.40
7.00
9.50
8.20
8.60
9.00
7.00
9.00
9.00
8.00
7.90
9.90
7.00
9.40
8.00
10.00
8.60
9.40
9.80
8.80
9.40
9.60
9.10
8.90
9.00
9.50
9.10
9.40
9.50
9.00
9.40
8.00
9.00
9.00
9.20
9.80
6.60
9.40
10.00
9.80
8.00
10.00
9.70
9.20
9.90
8.20
10.00
9.40
9.70
9.00
8.70
8.60
9.60
9.40
9.80
8.00
7.00
9.30
8.60
9.28
8.00
9.00
8.00
9.00
7.60
9.40
9.00
9.00
9.10
9.00
9.50
8.30
9.00
9.00
9.00
9.80
9.70
9.40
8.00
9.90
9.30
9.80
9.00
9.50
8.80
4.50
9.00
9.60
10.00
9.30
10.00
7.90
7.20
8.50
2.00
9.38
9.20
8.20
9.00
8.50
8.90
9.60
7.30
9.40
9.10
9.30
8.00
7.00
8.00
8.80
8.50
9.00
8.90
8.60
9.60
9.30
9.80
8.50
9.00
9.00
7.80
8.00
9.50
9.30
8.00
9.40
7.00
9.30
9.00
9.50
8.20
8.00
8.00
8.00
8.90
7.50
9.70
9.60
9.80
9.00
9.50
9.00
9.50
9.60
9.50
8.70
7.60
9.00
8.00
9.50
9.50
8.40
9.00
10.00
9.00
9.20
9.70
7.60
9.70
8.70
9.00
8.00
8.40
8.50
8.00
8.00
9.00
9.00
9.50
8.80
8.00
9.70
8.80
8.70
8.00
9.50
9.00
8.80
9.00
9.80
9.80
9.80
9.70
9.10
9.70
9.60
9.00
9.80
9.50
9.70
9.76
9.50
9.40
9.60
9.30
9.30
9.50
